0,3,24
0,3,24
0,3,24
0,3,24
0,3,24
0,3,24
0,3,24
0,3,24
0,3,24
0,3,24
0,3,24
0,3,24
0,3,24
0,3,24
0,3,24
0,3,24
0,3,24
0,3,24
0,3,24
0,3,24
0,3,24
0,3,24
0,3,24
0,3,24
0,3,24
0,3,24
2,3,24
2,3,24
2,3,24
2,3,24
2,3,24
2,3,24
2,3,24
2,3,24
2,3,24
2,3,24
2,3,24
2,3,24
1,3,24
1,3,24
1,3,24
1,3,24
1,3,24
1,3,24
1,3,24
1,3,24
1,3,24
1,3,24
1,3,24
1,3,24
1,3,24
1,3,24
1,2,24
1,2,24
1,2,24
1,2,24
1,2,24
1,2,24
1,2,24
1,2,24
1,1,24
1,1,24
2,3,24
2,3,24
2,3,24
2,3,24
2,3,24
2,3,24
2,3,24
2,3,24
2,3,24
2,3,24
2,3,24
1,3,24
1,3,24
1,3,24
1,3,24
1,3,24
1,3,24
1,3,24
1,3,24
1,3,24
1,3,24
1,3,24
0,0,24
0,0,24
0,0,24
1,-3,24
1,-3,24
1,-3,24
1,-3,24
1,-3,24
1,-3,24
1,-3,24
1,-3,24
1,-3,24
1,-3,24
1,-3,24
1,-3,24
1,-3,24
1,-3,24
1,-3,24
1,-3,24
1,-3,24
1,-3,24
1,-3,24
1,-3,24
1,-3,24
1,-3,24
1,-3,24
1,-3,24
1,-3,24
1,-3,24
1,-3,24
1,1,24
1,1,24
1,1,24
1,1,24
1,1,24
1,1,24
1,1,24
1,1,24
1,1,24
1,1,24
1,1,24
1,1,24
1,1,24
1,1,24
4,2,24
4,2,24
4,2,24
4,2,24
4,2,24
4,2,24
4,2,24
4,2,24
4,2,24
4,2,24
4,2,24
4,2,24
4,2,24
4,2,24
4,2,24
2,4,24
2,4,24
2,4,24
2,4,24
2,4,24
2,4,24
2,4,24
2,4,24
2,4,24
2,4,24
2,4,24
2,4,24
2,4,24
2,4,24
2,4,24